Offset	00	01	02	03	04	05	06	07	08	09	0A	0B	0C	0D	0E	0F	
00		F8	FF	FF	0F	FF	FF	FF	FF	FF	FF	FF	0F	FF	FF	FF	0F	
10		FF	FF	FF	0F	FF	FF	FF	0F	07	00	00	00	08	00	00	00	
20		09	00	00	00	0A	00	00	00	0B	00	00	00	0C	00	00	00	
30		0D	00	00	00	0E	00	00	00	0F	00	00	00	10	00	00	00	
40		11	00	00	00	12	00	00	00	13	00	00	00	14	00	00	00	
50		15	00	00	00	16	00	00	00	17	00	00	00	18	00	00	00	
60		19	00	00	00	1A	00	00	00	1B	00	00	00	1C	00	00	00	
70		1D	00	00	00	1E	00	00	00	1F	00	00	00	20	00	00	00	
80		21	00	00	00	22	00	00	00	23	00	00	00	24	00	00	00	
90		25	00	00	00	26	00	00	00	27	00	00	00	28	00	00	00	
A0		29	00	00	00	2A	00	00	00	2B	00	00	00	2C	00	00	00	
B0		2D	00	00	00	2E	00	00	00	2F	00	00	00	30	00	00	00	
C0		31	00	00	00	32	00	00	00	33	00	00	00	34	00	00	00	
D0		35	00	00	00	36	00	00	00	37	00	00	00	38	00	00	00	
E0		39	00	00	00	3A	00	00	00	3B	00	00	00	3C	00	00	00	
F0		3D	00	00	00	3E	00	00	00	3F	00	00	00	40	00	00	00	
100		41	00	00	00	42	00	00	00	43	00	00	00	44	00	00	00	
110		45	00	00	00	46	00	00	00	47	00	00	00	48	00	00	00	
120		49	00	00	00	4A	00	00	00	4B	00	00	00	4C	00	00	00	
130		4D	00	00	00	4E	00	00	00	4F	00	00	00	50	00	00	00	
140		51	00	00	00	52	00	00	00	53	00	00	00	54	00	00	00	
150		55	00	00	00	56	00	00	00	57	00	00	00	58	00	00	00	
160		59	00	00	00	5A	00	00	00	5B	00	00	00	5C	00	00	00	
170		5D	00	00	00	5E	00	00	00	5F	00	00	00	60	00	00	00	
180		61	00	00	00	62	00	00	00	63	00	00	00	64	00	00	00	
190		65	00	00	00	66	00	00	00	67	00	00	00	68	00	00	00	
1A0		69	00	00	00	6A	00	00	00	6B	00	00	00	6C	00	00	00	
1B0		6D	00	00	00	6E	00	00	00	6F	00	00	00	70	00	00	00	
1C0		71	00	00	00	72	00	00	00	73	00	00	00	74	00	00	00	
1D0		75	00	00	00	76	00	00	00	77	00	00	00	78	00	00	00	
1E0		79	00	00	00	7A	00	00	00	7B	00	00	00	7C	00	00	00	
1F0		7D	00	00	00	7E	00	00	00	7F	00	00	00	80	00	00	00	